1.69015386403416
0.630417892368514
0.541096340030633
0.642483917508271
0.954306470847895
1.5753383172921
2.70215825034512
4.13207596764605
1.88309922058552
2.1077514949639
5.24103730424713
3.93267423984206
1.46105449444514
1.01250122037999
0.858500737557707
0.576329128611726
1.25331888288452
1.61272327874909
1.63261222154681
1.72631470719552
2.21238761701946
1.90496670925563
2.1554915774398
2.19505247288686
2.29013763344016
0.688094782619173
0.751539567850174
0.916947095493664
1.12769008271912
1.33007683920093
3.81499254788318
1.35011573226493
0.790063597468435
1.64241062618432
6.68141142298532
5.93978574666534
1.22070158856086
0.548984549187177
0.558585378095476
0.610933735730051
0.920572283841764
1.79009729741702
1.45489327274965
1.14731478962833
1.06674661887584
1.5107186245586
1.73148456144748
1.72138789425977
0.891734088035187
0.598429033478345
0.367624445470183
0.638521898390799
0.884242848855312
1.50137577134124
1.21094267344718
1.22912846059542
0.922812773987625
1.48566142403813
1.59538176925321
1.43187911965738
1.14495140807776
0.560233491047101
0.406440651216824
0.47170020575635
1.12141863541875
1.21790967521901
1.14942256902903
1.04018278140899
1.59021049650532
1.23774980806517
1.32731848795578
1.72255736322958
1.39675888195634
0.448626068009225
0.779888660298073
0.896296524809522
1.01326386490511
1.07008970238545
2.26473549079641
1.02647360132823
1.86075097356753
1.49464511220163
2.07725870354676
1.60063567406162
1.28685861913419
0.476133559142826
0.491320315223842
0.45262241542561
0.940884062559823
1.52880530551048
1.18937261705844
1.12243911335304
1.29036546438312
1.98695237407714
1.85762801796578
1.94240472651371
1.60547944382495
0.599245660347034
0.267402739302906
0.398358292034054
1.12312990995898
1.06369829627179
1.1123555806224
0.853064785996509
1.33341215028577
1.66805023796132
3.01637478254571
1.87384209971041
1.3691810788885
0.867537802680114
0.430308375435482
0.340243401987458
1.50324261294497
5.46593540406186
2.72136034692206
1.06445051903605
2.30393197935931
2.31308236830048
1.47862770731645
1.67645493138601
2.11352687538192
0.443515020278198
0.332995868181091
0.659619023496516
1.1569420226406
1.6307870680864
1.27133246200757
0.757518891387464
0.723358777187783
1.08199016402754
1.36394125151898
1.17387212449255
0.776200648042347
0.479472668126157
0.302760443220006
0.310451334567952
0.605103852538491
0.925437527812548
0.828107551531653
0.864071687278507
1.18338907850237
1.02897759905169
1.62723134612712
1.39983542189916
0.701193959820394
0.309912390053729
0.419662896207552
0.367227491920242
0.73982647482345
0.966459269151085
1.15031380239078
0.704272703093382
1.18633145749194
1.01502752455316
1.10218924516717
1.20507734163554
1.21236306573922
0.355700237548382
0.314965881278453
0.38774145182621
0.585593308260177
0.744067842966957
1.16000702549184
1.0490871854689
0.874720591886699
0.824600313402779
1.42611424933765
2.14477700884385
