1.60325822755943
0.660555364529806
0.709562883644764
0.60835288686649
0.75909570332546
1.77730519858901
2.70048527810259
6.70033444277438
2.01038018045882
2.04687072570434
4.27280017859807
1.92456878236843
2.94453003305424
0.99422562106662
0.795620613567921
0.62045964393761
0.982758679028106
1.2328398081747
1.43967701196023
2.80910825193377
2.02258205148648
1.96259942851796
1.70111688038558
1.42399587547286
3.38745161828153
0.771597244672561
1.28876811138457
0.90495272088315
0.579776730717469
1.70240146522449
2.79973052674058
1.33279011522911
0.961423059157463
1.44264098876675
5.95036485560335
6.73063253317029
1.16019744230574
0.625862942854548
0.347767341282933
0.394132149713811
1.29794693496056
1.45578676771984
1.4625751400081
1.37240492314613
0.909929754974435
1.43699935185006
1.26811238582197
1.38304894618578
0.856452264909866
0.668323730271898
0.442253045593142
0.714074555150281
0.764395848635712
1.22703251155406
1.14967060042285
1.14221269421362
1.00204710051067
1.26759137656754
1.23590191243524
0.960583886275039
1.48515153606716
0.541637044082993
0.576139273579395
0.481111438101373
0.878296654020211
1.02263585876142
0.848433713531155
1.31705568470731
1.52564103580159
1.06993608040861
1.00204282022983
1.27657617320903
1.25113174681742
0.519446443599654
1.49972931894361
0.731215492541185
0.75650244526114
0.905868747508501
1.39134774325361
1.03843089864578
2.69202098595325
1.26965046930644
1.39773908469594
1.44137109321364
0.702806425013771
0.702711315334355
0.502854370278609
0.389772368013671
0.911098243403887
1.19977568722338
0.846828639632862
1.64845120665992
1.0674428059886
2.10311467334675
1.48145117473574
1.24924312585303
2.21680201122826
0.447050523302912
0.278714411083196
0.31841327411311
0.810527294265156
0.90561276851653
1.08832544627321
0.814910796487797
1.32231401121034
1.71996553403563
2.32748941197214
1.48583557541946
1.13731446666988
1.0556068146438
0.309405046199895
0.292203112051321
1.68492522787133
4.64287670905741
2.74322117949992
1.09070770749464
1.90953027303106
0.995692162411353
1.02075475824961
1.58558161900231
1.40441608309131
0.437342171767507
0.415549089451934
0.569536180506443
0.705196439812728
2.52735037025245
0.878194000083699
0.545010659803919
0.588339719851465
0.562211623524338
1.31332679822926
0.825584370680411
0.711381186361838
0.549902344157771
0.255707027551552
0.281051302598772
0.390035725747353
0.556136359561118
0.674953129241109
0.951419375815978
1.33258569680511
0.751782499148977
1.52809206112062
0.783597215477594
0.405091442454577
0.314474426825779
0.405522566675202
0.336249593831993
0.713064882037986
0.662810026006195
0.818422921837594
0.670161423052022
1.14511648201696
0.78555659547654
0.592130725471221
1.02070417259215
0.86784774688269
0.345653414672383
0.402647300104012
0.278625321047194
0.318447458547196
0.532008757779352
0.866109322860669
1.34573630441559
0.81480168298254
0.574651603237093
0.921316577393288
1.78229312464161
